obj           specfile                                                               teff   errhi_teff   errlo_teff   logg   errhi_logg   errlo_logg     av   errhi_av   errlo_av     rv   errhi_rv   errlo_rv         dl   errhi_dl   errlo_dl    fwhm   errhi_fwhm   errlo_fwhm    fsig   errhi_fsig   errlo_fsig           tau    errhi_tau    errlo_tau     fw   errhi_fw   errlo_fw        mu   errhi_mu   errlo_mu
g191b2b       data/spectroscopy/mmt/g191b2b-20150124-total.flm                   64161.27      1125.54       775.57   7.57         0.08         0.09   0.00       0.00       0.00   3.10       0.00       0.00     283.97       5.12       4.19    3.25         2.84         1.80   28.76        13.71        13.91    1911.26208    745.96178    775.85646   0.03       0.05       0.02   52.6369     0.0163     0.0121
gd153         data/spectroscopy/mmt/gd153-20150518-total.flm                     40087.34       827.45       496.84   7.72         0.07         0.07   0.01       0.01       0.00   3.10       0.00       0.00     479.35       3.76       4.10    7.71         2.15         2.71    4.31         9.43         1.76     789.41241   1182.09268    241.29306   0.04       0.06       0.03   53.7254     0.0196     0.0134
gd71          data/spectroscopy/mmt/gd71-20150124-total.flm                      33283.19       337.46       276.66   7.83         0.06         0.07   0.01       0.01       0.00   3.10       0.00       0.00     565.85       4.41       4.69    4.78         2.87         2.41    3.91         6.17         2.29    6243.33789   6707.12805   3478.12599   0.04       0.06       0.03   53.1312     0.0133     0.0110
gd71          data/spectroscopy/soar/gd71-20160210-total.flm                     33073.46       451.30       258.34   7.80         0.04         0.04   0.01       0.01       0.00   3.10       0.00       0.00     348.23       1.78       2.48    6.98         1.11         1.16    8.44        13.51         3.98     910.47238    952.15611    326.54497   0.04       0.05       0.03   53.1225     0.0178     0.0106
gd71          data/spectroscopy/soar/gd71-20160211-total.flm                     33279.86       437.69       325.53   7.75         0.05         0.05   0.01       0.01       0.01   3.10       0.00       0.00     331.67       2.73       2.81    8.01         0.97         1.03   21.76        11.73         7.46     594.49237    258.93286     75.18757   0.04       0.07       0.03   53.1305     0.0173     0.0130
gd71          data/spectroscopy/soar/gd71-20161005-total.flm                     33221.67       459.94       318.04   7.79         0.04         0.05   0.01       0.01       0.01   3.10       0.00       0.00     343.45       2.86       2.85    6.82         0.78         0.78   34.09         8.98         7.01     566.30942    112.18845     50.28824   0.05       0.08       0.04   53.1286     0.0181     0.0128
gd71          data/spectroscopy/soar/gd71-20161006-total.flm                     33402.75       525.60       368.87   7.70         0.08         0.09   0.01       0.01       0.01   3.10       0.00       0.00     550.21       6.34       6.15   11.89         1.76         1.99   14.91        13.45         5.46     820.09601    811.97616    246.42950   0.03       0.05       0.02   53.1351     0.0207     0.0146
gd71          data/spectroscopy/soar/gd71-20161007-total.flm                     33123.18       445.04       282.45   7.79         0.05         0.06   0.01       0.01       0.00   3.10       0.00       0.00     377.65       3.00       3.06    7.65         0.93         0.91   25.60        11.36         6.37     589.32965    188.74112     69.63789   0.06       0.09       0.04   53.1247     0.0175     0.0115
gd71          data/spectroscopy/soar/gd71-20170222-total.flm                     33166.57       396.06       256.46   7.81         0.04         0.05   0.01       0.01       0.00   3.10       0.00       0.00     453.48       2.37       2.92    6.25         1.26         1.34    5.45         9.87         2.23     823.93427    996.76928    259.15542   0.04       0.05       0.03   53.1264     0.0157     0.0104
gd71          data/spectroscopy/soar/gd71-20170223-total.flm                     33012.00       417.39       240.92   7.82         0.04         0.05   0.01       0.01       0.00   3.10       0.00       0.00     376.14       2.36       2.67    6.43         0.89         0.92   18.16        12.09         4.80     597.47372    244.48911     77.34958   0.04       0.06       0.03   53.1204     0.0165     0.0101
sdssj010322   data/spectroscopy/gemini/sdssj010322-20131129-total.flm            59061.46      3389.28      4122.28   7.47         0.14         0.15   0.12       0.01       0.02   3.10       0.00       0.00    8174.21     193.48     152.79    4.52         4.33         2.84    5.89        12.78         2.95     937.05292   1338.73800    363.28778   0.02       0.03       0.02   60.0072     0.0464     0.0575
sdssj010322   data/spectroscopy/mmt/sdssj010322-20151011-total.flm               59289.81      8650.24      4294.56   7.54         0.18         0.23   0.12       0.02       0.02   3.10       0.00       0.00    7829.40     231.72     227.11    5.36         5.06         3.30    5.63        12.51         3.10    1628.61224   2137.14314    756.69062   0.05       0.07       0.04   60.0076     0.1090     0.0606
sdssj022817   data/spectroscopy/gemini/sdssj022817-20131013-total.flm            21390.82       721.63       608.29   7.94         0.08         0.10   0.07       0.04       0.03   3.10       0.00       0.00    5603.85      71.79      70.06    4.95         2.46         1.97    4.07         8.74         1.83     892.36609   1670.59782    326.05210   0.02       0.04       0.02   59.1419     0.0301     0.0258
sdssj024854   data/spectroscopy/gemini/sdssj024854-20150917-20151106-total.flm   34309.04      1046.70       964.28   7.18         0.10         0.09   0.32       0.02       0.02   3.10       0.00       0.00    4355.98      74.39      69.68    5.96         2.32         2.59    9.81        16.20         5.93    2912.48291   3056.60254   1472.21461   0.02       0.03       0.01   58.3885     0.0401     0.0392
sdssj024854   data/spectroscopy/mmt/sdssj024854-20151011.5-total.flm             33266.15       873.12       797.06   7.22         0.13         0.12   0.30       0.01       0.01   3.10       0.00       0.00    5352.24     105.48     101.09    6.71         3.16         3.15    3.60         8.80         1.93    1355.95587   2403.54823    643.02814   0.04       0.06       0.03   58.3461     0.0352     0.0327
sdssj041053   data/spectroscopy/gemini/sdssj041053-20131207-total.flm            89812.75       151.20       796.80   7.02         0.08         0.02   0.97       0.01       0.01   3.10       0.00       0.00    4326.92     316.00     150.88   15.34         3.13         5.64   34.49        10.70        14.49    1449.26208    440.66250    545.48898   0.02       0.04       0.02   59.0915     0.0077     0.0151
sdssj041053   data/spectroscopy/mmt/sdssj041053-20150124-total.flm               89814.13       150.16       740.26   7.02         0.08         0.02   0.97       0.01       0.01   3.10       0.00       0.00    5070.08     410.50     229.92   15.00         5.08         7.26   27.60        14.77        15.43    3795.61084   1773.47357   1714.58262   0.03       0.05       0.02   59.0911     0.0076     0.0150
sdssj072752   data/spectroscopy/mmt/sdssj072752-20150124-total.flm               50103.90      1661.33      2459.38   7.77         0.10         0.11   0.15       0.01       0.01   3.10       0.00       0.00    4967.15      95.76      61.16    5.27         4.06         3.10    4.56        11.60         2.25    1008.46613   2381.49210    452.73969   0.05       0.08       0.04   58.7062     0.0268     0.0409
sdssj081508   data/spectroscopy/gemini/sdssj081508-20130214-total.flm            34734.98      1708.62      1108.72   7.20         0.11         0.10   0.07       0.03       0.02   3.10       0.00       0.00    9050.48     153.85     202.77    4.28         2.72         2.32    6.04        11.98         3.23    1391.53052   1989.58923    655.03066   0.02       0.04       0.02   60.0627     0.0572     0.0442
sdssj081508   data/spectroscopy/mmt/sdssj081508-20150124-total.flm               32713.90      1879.38       917.38   7.31         0.17         0.17   0.03       0.04       0.02   3.10       0.00       0.00   10655.19     329.44     528.08    5.55         4.06         3.00    8.62        14.87         5.28    5139.60693   5208.29822   2554.89231   0.03       0.04       0.02   59.9827     0.0725     0.0433
sdssj102430   data/spectroscopy/gemini/sdssj102430-20130215-total.flm            36368.02      2810.44      2000.28   7.75         0.11         0.12   0.24       0.03       0.03   3.10       0.00       0.00    6457.13     165.59     184.55    6.45         2.87         2.92   14.46        15.85         8.47    1619.04120   1338.57202    770.30588   0.02       0.04       0.02   59.1208     0.0762     0.0635
sdssj102430   data/spectroscopy/soar/sdssj102430-20170223-total.flm              36691.48      1665.84      1482.82   7.54         0.28         0.22   0.24       0.02       0.02   3.10       0.00       0.00    6094.44     273.00     120.32   12.42         6.41         7.15    2.25         6.30         1.67   10295.54443   6389.20486   5705.88688   0.03       0.05       0.02   59.1330     0.0465     0.0458
sdssj111059   data/spectroscopy/gemini/sdssj111059-20150518-total.flm            57102.45     14461.05      6334.97   7.69         0.17         0.26   0.19       0.03       0.02   3.10       0.00       0.00    4327.83     162.04     191.16    4.87         5.10         3.16   39.33         8.13        15.83    1293.91449    329.08406    393.94297   0.02       0.04       0.02   58.6547     0.1834     0.0963
sdssj111059   data/spectroscopy/mmt/sdssj111059-20150124-total.flm               46297.79      1839.06      2338.63   7.85         0.12         0.12   0.15       0.01       0.01   3.10       0.00       0.00    4914.94      92.42      79.13    5.85         4.28         3.36    6.83        11.75         3.32    1607.75903   2064.97034    717.47914   0.03       0.05       0.02   58.4810     0.0333     0.0451
sdssj111127   data/spectroscopy/mmt/sdssj111127-20150124-total.flm               59422.05      2105.07      2257.43   7.76         0.12         0.13   0.03       0.01       0.01   3.10       0.00       0.00    6328.97      97.30      85.59    5.86         4.56         3.42    4.48        10.26         3.09    3717.18835   5856.96313   2394.90961   0.03       0.04       0.02   59.4479     0.0279     0.0310
sdssj111127   data/spectroscopy/mmt/sdssj111127-20150518-total.flm               66037.76      4939.06      2643.04   7.57         0.12         0.13   0.04       0.01       0.01   3.10       0.00       0.00    6802.97     146.32      95.84    5.99         4.33         3.47    4.55        10.84         2.69    2800.63928   4864.89951   1530.11201   0.03       0.04       0.02   59.5358     0.0582     0.0328
sdssj120650   data/spectroscopy/gemini/sdssj120650-20130310-total.flm            23433.52       455.92       407.63   7.94         0.05         0.05   0.04       0.02       0.02   3.10       0.00       0.00    3899.79      27.91      30.73    4.76         1.06         0.97    6.44         9.61         2.45     760.29309    783.78151    206.02972   0.02       0.04       0.02   58.2118     0.0177     0.0163
sdssj121405   data/spectroscopy/gemini/sdssj121405-20150218-total.flm            33749.57       707.37       464.97   7.96         0.08         0.10   0.01       0.01       0.01   3.10       0.00       0.00    4029.44      46.73      56.75    3.80         2.70         2.13   28.45        14.14        14.09    2988.91614   1270.74259   1292.28509   0.02       0.02       0.01   58.1144     0.0274     0.0189
sdssj121405   data/spectroscopy/mmt/sdssj121405-20150518-total.flm               33703.64       543.68       347.40   7.88         0.06         0.06   0.01       0.01       0.01   3.10       0.00       0.00    4054.21      32.30      38.63    6.33         1.98         2.19    5.52        11.62         2.70    1537.14001   2126.39026    672.65473   0.03       0.05       0.02   58.1123     0.0212     0.0145
sdssj130234   data/spectroscopy/gemini/sdssj130234-20130215-total.flm            40028.08      1377.14      1237.95   7.94         0.08         0.08   0.06       0.01       0.01   3.10       0.00       0.00    2942.73      38.98      42.12    2.27         2.01         1.31   16.33        12.61         4.74     627.03964    317.02605    100.86773   0.02       0.03       0.02   57.5925     0.0316     0.0325
sdssj131445   data/spectroscopy/gemini/sdssj131445-20130309-total.flm            43670.12      2812.40      2034.72   7.65         0.18         0.14   0.11       0.02       0.02   3.10       0.00       0.00    7574.00     177.44     141.61   16.49         3.44         5.77    7.33        13.65         4.01    1443.70148   1746.69951    671.28577   0.02       0.03       0.02   59.7152     0.0538     0.0442
sdssj131445   data/spectroscopy/mmt/sdssj131445-20150124-total.flm               42817.30      2370.59      1576.25   7.57         0.21         0.15   0.10       0.02       0.01   3.10       0.00       0.00    8480.29     257.72     156.62   16.53         4.94         7.99    3.96         5.77         2.31    7583.98535   6587.43781   4132.88197   0.03       0.05       0.02   59.6996     0.0476     0.0349
sdssj131445   data/spectroscopy/mmt/sdssj131445-20150518-total.flm               47580.75      3290.73      2517.72   7.58         0.20         0.17   0.13       0.02       0.02   3.10       0.00       0.00    8686.16     278.28     172.98   11.24         5.35         6.15    4.70         7.61         2.64    5777.54175   6813.61056   3220.90128   0.03       0.05       0.02   59.7890     0.0554     0.0459
sdssj151421   data/spectroscopy/gemini/sdssj151421-20130317-total.flm            28767.66       296.95       300.31   7.89         0.04         0.04   0.12       0.01       0.01   3.10       0.00       0.00    1166.51      11.15      10.65    5.05         0.37         0.37   48.85         0.91         3.18     507.21011     21.25889      5.70359   0.03       0.04       0.02   55.5849     0.0138     0.0141
sdssj155745   data/spectroscopy/mmt/sdssj155745-20150124-total.flm               56759.94      1787.22      2041.58   7.69         0.11         0.12   0.02       0.01       0.01   3.10       0.00       0.00    5617.25      79.04      68.65    5.41         4.23         3.09    3.77        10.51         2.69    2602.18860   4846.46146   1665.34119   0.03       0.05       0.02   58.4591     0.0248     0.0291
sdssj155745   data/spectroscopy/mmt/sdssj155745-20150518-total.flm               61604.56      3755.67      1797.01   7.60         0.08         0.10   0.04       0.01       0.01   3.10       0.00       0.00    4589.24      58.35      51.51    3.86         3.56         2.26    6.99        14.29         3.50    1896.98608   2359.61501    803.55125   0.03       0.04       0.02   58.5255     0.0476     0.0237
sdssj163800   data/spectroscopy/gemini/sdssj163800-20130408-total.flm            67027.84      4296.27      4068.49   7.36         0.14         0.13   0.22       0.01       0.01   3.10       0.00       0.00    7583.39     164.19     153.01    4.11         3.64         2.53    7.41        12.99         3.49    1047.76306   1379.40431    421.55261   0.02       0.04       0.02   59.7505     0.0515     0.0513
sdssj163800   data/spectroscopy/mmt/sdssj163800-20150518-total.flm               57180.70      4238.47      3931.48   7.63         0.25         0.24   0.20       0.01       0.02   3.10       0.00       0.00   10631.68     307.64     355.82    6.35         5.56         3.89    5.56         9.52         3.04    4451.87061   5422.70123   2211.08155   0.03       0.04       0.02   59.6163     0.0567     0.0573
sdssj172135   data/spectroscopy/gemini/sdssj172135-20130604-total.flm            21234.33       687.57       639.56   7.03         0.06         0.02   1.11       0.03       0.03   3.10       0.00       0.00    2965.12      38.33      36.55    2.62         1.25         1.08   10.36        14.20         5.29    1433.32794   1386.03691    628.53607   0.03       0.04       0.02   57.7416     0.0325     0.0290
sdssj172135   data/spectroscopy/mmt/sdssj172135-20150518-total.flm               19909.57       659.89       604.53   7.19         0.13         0.10   1.05       0.03       0.03   3.10       0.00       0.00    3644.09      73.03      62.34    3.70         2.41         1.83    4.55         8.93         2.32    2587.58496   3571.48326   1176.42502   0.03       0.04       0.02   57.6889     0.0305     0.0276
sdssj181424   data/spectroscopy/gemini/sdssj181424-20150427-total.flm            30805.72       325.19       258.01   7.88         0.05         0.05   0.01       0.01       0.01   3.10       0.00       0.00    2065.87      13.06      13.65    3.69         1.54         1.52    4.95         9.02         2.07     855.60220   1125.65778    283.82372   0.02       0.02       0.01   56.7098     0.0155     0.0125
sdssj181424   data/spectroscopy/mmt/sdssj181424-20150518-total.flm               30762.09       324.13       228.26   7.83         0.04         0.04   0.01       0.01       0.01   3.10       0.00       0.00    2179.87      12.60      13.56    7.31         1.00         1.06    6.76         8.30         1.86     633.60199    496.65516    108.09773   0.03       0.04       0.02   56.7072     0.0155     0.0112
sdssj203722   data/spectroscopy/gemini/sdssj203722-20140719-total.flm            39207.36      5055.47      3668.46   7.59         0.29         0.22   0.27       0.04       0.04   3.10       0.00       0.00    6009.79     284.45     245.79   18.71         3.48         5.75   36.89         9.63        15.45    1583.44250    420.40754    556.06787   0.02       0.03       0.02   59.2287     0.1127     0.1044
sdssj203722   data/spectroscopy/mmt/sdssj203722-20151012-total.flm               35269.39      2089.19      1707.79   7.80         0.21         0.17   0.22       0.03       0.03   3.10       0.00       0.00    5901.30     219.83     142.95   17.63         4.12         6.72    5.27        11.33         2.97    1817.22571   2635.61419    912.68821   0.04       0.07       0.03   59.1158     0.0643     0.0618
sdssj210150   data/spectroscopy/gemini/sdssj210150-20140720-total.flm            28734.81       575.08       544.43   7.90         0.06         0.06   0.13       0.02       0.02   3.10       0.00       0.00    4552.43      38.63      42.62    4.59         1.58         1.57   16.70        17.01         9.24    1881.81360   1372.59201    885.84934   0.02       0.03       0.02   58.5258     0.0269     0.0252
sdssj210150   data/spectroscopy/mmt/sdssj210150-20150518-total.flm               29061.96       515.94       536.08   7.85         0.09         0.08   0.14       0.02       0.02   3.10       0.00       0.00    5463.59      72.53      62.52    9.90         2.54         3.24    3.60         8.10         2.30    3412.41113   5942.87937   2116.21436   0.03       0.05       0.02   58.5404     0.0241     0.0246
sdssj210150   data/spectroscopy/mmt/sdssj210150-20151011.5-total.flm             28537.29       566.65       597.19   7.93         0.08         0.09   0.12       0.02       0.02   3.10       0.00       0.00    4490.41      52.65      55.03    4.81         2.76         2.24    3.96         9.30         2.03    1207.85590   1834.91687    527.55492   0.04       0.05       0.03   58.5167     0.0260     0.0273
sdssj232941   data/spectroscopy/gemini/sdssj232941-20150917-20151106-total.flm   21043.81       445.41       499.93   7.96         0.07         0.07   0.15       0.03       0.03   3.10       0.00       0.00    3368.90      31.04      28.81    4.02         1.96         1.59    3.95         9.16         2.24    1448.72919   2419.04656    709.20331   0.02       0.03       0.01   57.3521     0.0165     0.0183
sdssj232941   data/spectroscopy/mmt/sdssj232941-20151011-total.flm               21302.09       447.82       498.70   8.01         0.06         0.06   0.17       0.03       0.03   3.10       0.00       0.00    2504.24      22.36      23.61    6.50         1.49         1.40    9.34        12.92         4.30    1218.77625   1224.70148    504.31236   0.04       0.07       0.03   57.3598     0.0167     0.0185
sdssj235144   data/spectroscopy/gemini/sdssj235144-20150915-total.flm            41058.09      1993.02      1751.50   7.99         0.15         0.17   0.33       0.01       0.01   3.10       0.00       0.00    5049.86     122.38     125.81    6.78         4.51         3.95   12.08        15.55         6.13    2320.25159   1957.11253    993.19724   0.02       0.02       0.01   58.3459     0.0445     0.0424
sdssj235144   data/spectroscopy/mmt/sdssj235144-20150518-total.flm               45339.08      2402.46      2553.17   7.81         0.20         0.18   0.35       0.01       0.02   3.10       0.00       0.00    4572.59     175.49     118.93   10.81         6.38         6.23    6.93        14.70         5.02    2735.88281   3809.98828   1737.95630   0.03       0.04       0.02   58.4378     0.0444     0.0524
sdssj235144   data/spectroscopy/mmt/sdssj235144-20151011-total.flm               45686.60      3602.18      2382.48   7.69         0.13         0.13   0.35       0.02       0.01   3.10       0.00       0.00    4344.37     100.89     105.26   10.54         3.79         4.77   16.22        16.53         9.43    2812.57520   2058.89816   1404.18399   0.04       0.06       0.03   58.4454     0.0652     0.0481
wd0554        data/spectroscopy/gemini/wd0554-20140904-total.flm                 52474.05      3763.54      3120.49   8.96         0.22         0.24   0.05       0.01       0.01   3.10       0.00       0.00    3988.00     140.21      85.89    8.68         6.83         5.35    2.44         6.02         1.69    9181.09619   7194.18842   6179.85812   0.03       0.04       0.02   58.5846     0.0518     0.0466
wd0554        data/spectroscopy/imacs/wd0554-20150124-total.flm                  49267.64      2733.23      2191.32   9.01         0.15         0.14   0.04       0.01       0.01   3.10       0.00       0.00    6347.42     141.71      97.65   12.22         7.35         7.30    3.84        11.31         2.69    2365.29065   4347.23421   1442.38831   0.03       0.05       0.02   58.5365     0.0416     0.0357
